2025-06-12 08:51:22.003268  [DEBUG] [scanner][main] start to pull sleep_seconds = 18051291997629403106
2025-06-12 08:51:22.008203  [INFO] [94471][stack_frames][]
2025-06-12 08:51:22.013027  [INFO] [94471][stack_frames][]
2025-06-12 08:51:22.014871  [INFO] [94471][stack_frames][]
2025-06-12 08:51:22.01572   [INFO] [94471][stack_frames][]
2025-06-12 08:51:22.016753  [INFO] [94471][stack_frames][]
2025-06-12 08:51:22.022272  [INFO] [94471][stack_frames][]
2025-06-12 08:51:22.024838  [INFO] [94471][stack_frames][]
2025-06-12 08:51:22.028854  [INFO] [94471][stack_frames][]
2025-06-12 08:51:22.033266  [INFO] [94471][stack_frames][]
2025-06-12 08:51:22.03393   [INFO] [94471][stack_frames][]
2025-06-12 08:51:22.036582  [INFO] [94471][stack_frames][]
2025-06-12 08:51:22.037118  [INFO] [94471][stack_frames][]
2025-06-12 08:51:22.03836   [INFO] [94471][stack_frames][]
2025-06-12 08:51:22.039178  [INFO] [94471][stack_frames][]
2025-06-12 08:51:22.042373  [INFO] [94471][stack_frames][]
2025-06-12 08:51:22.04293   [INFO] [94471][stack_frames][]
2025-06-12 08:51:22.043347  [INFO] [94471][stack_frames][]
2025-06-12 08:51:22.0459    [INFO] [94471][stack_frames][]
2025-06-12 08:51:22.04624   [INFO] [94471][stack_frames][]
2025-06-12 08:51:22.046257  [INFO] [94471][stack_frames][]
2025-06-12 08:51:22.046433  [INFO] [94471][stack_frames][]
2025-06-12 08:51:22.046963  [INFO] [94471][stack_frames][]
2025-06-12 08:51:22.048268  [INFO] [94471][stack_frames][]
2025-06-12 08:51:22.048473  [INFO] [94471][stack_frames][]
2025-06-12 08:51:22.048921  [INFO] [94471][stack_frames][]
2025-06-12 08:51:22.049368  [INFO] [94471][stack_frames][]
2025-06-12 08:51:22.0502    [INFO] [94471][stack_frames][]
2025-06-12 08:51:22.051472  [INFO] [94471][stack_frames][]
2025-06-12 08:51:22.052273  [INFO] [94471][stack_frames][]
2025-06-12 08:51:22.052674  [INFO] [94471][stack_frames][]
2025-06-12 08:51:22.053027  [INFO] [94471][stack_frames][]
2025-06-12 08:51:22.053362  [INFO] [94471][stack_frames][]
2025-06-12 08:51:22.053751  [INFO] [94471][stack_frames][]
2025-06-12 08:51:22.054201  [INFO] [94471][stack_frames][]
2025-06-12 08:51:22.054625  [INFO] [94471][stack_frames][]
2025-06-12 08:51:22.055086  [INFO] [94471][stack_frames][]
2025-06-12 08:51:22.055819  [INFO] [94471][stack_frames][]
2025-06-12 08:51:22.056458  [INFO] [94471][stack_frames][]
2025-06-12 08:51:22.057909  [INFO] [94471][stack_frames][]
2025-06-12 08:51:22.058385  [INFO] [94471][stack_frames][]
2025-06-12 08:51:22.058903  [INFO] [94471][stack_frames][]
2025-06-12 08:51:22.060409  [INFO] [94471][stack_frames][]
2025-06-12 08:51:22.070777  [INFO] [94471][stack_frames][]
2025-06-12 08:51:22.074962  [INFO] [94471][stack_frames][]
2025-06-12 08:51:22.076405  [INFO] [94471][stack_frames][]
2025-06-12 08:51:22.076876  [INFO] [94471][stack_frames][]
2025-06-12 08:51:22.082246  [INFO] [94471][stack_frames][]
2025-06-12 08:51:22.082615  [INFO] [94471][stack_frames][]
2025-06-12 08:51:22.084227  [INFO] [94471][stack_frames][]
2025-06-12 08:51:22.086277  [INFO] [94471][stack_frames][]
2025-06-12 08:51:22.086646  [INFO] [94471][stack_frames][]
2025-06-12 08:51:22.088149  [INFO] [94471][stack_frames][]
2025-06-12 08:51:22.088836  [INFO] [94471][stack_frames][]
2025-06-12 08:51:22.089211  [INFO] [94471][stack_frames][]
2025-06-12 08:51:22.090247  [INFO] [94471][stack_frames][]
2025-06-12 08:51:22.090873  [INFO] [94471][stack_frames][]
2025-06-12 08:51:22.09146   [INFO] [94471][stack_frames][]
2025-06-12 08:51:22.092244  [INFO] [94471][stack_frames][]
2025-06-12 08:51:22.09264   [INFO] [94471][stack_frames][]
2025-06-12 08:51:22.093394  [INFO] [94471][stack_frames][]
2025-06-12 08:51:22.093935  [INFO] [94471][stack_frames][]
2025-06-12 08:51:22.094422  [INFO] [94471][stack_frames][]
2025-06-12 08:51:22.094815  [INFO] [94471][stack_frames][]
2025-06-12 08:51:22.09504   [INFO] [94471][stack_frames][]
2025-06-12 08:51:22.095609  [INFO] [94471][stack_frames][]
2025-06-12 08:51:22.096159  [INFO] [94471][stack_frames][]
2025-06-12 08:51:22.096565  [INFO] [94471][stack_frames][]
2025-06-12 08:51:22.097314  [INFO] [94471][stack_frames][]
2025-06-12 08:51:22.097979  [INFO] [94471][stack_frames][]
2025-06-12 08:51:22.098381  [INFO] [94471][stack_frames][]
2025-06-12 08:51:22.098844  [INFO] [94471][stack_frames][]
2025-06-12 08:51:22.099207  [INFO] [94471][stack_frames][]
2025-06-12 08:51:22.099582  [INFO] [94471][stack_frames][]
2025-06-12 08:51:22.099979  [INFO] [94471][stack_frames][]
2025-06-12 08:51:22.100387  [INFO] [94471][stack_frames][]
2025-06-12 08:51:22.10073   [INFO] [94471][stack_frames][]
2025-06-12 08:51:22.101007  [INFO] [94471][stack_frames][]
2025-06-12 08:51:22.10135   [INFO] [94471][stack_frames][]
2025-06-12 08:51:22.101723  [INFO] [94471][stack_frames][]
2025-06-12 08:51:22.102011  [INFO] [94471][stack_frames][]
2025-06-12 08:51:22.102244  [INFO] [94471][stack_frames][]
2025-06-12 08:51:22.102518  [INFO] [94471][stack_frames][]
2025-06-12 08:51:22.10277   [INFO] [94471][stack_frames][]
2025-06-12 08:51:22.10307   [INFO] [94471][stack_frames][]
2025-06-12 08:51:22.103363  [INFO] [94471][stack_frames][]
2025-06-12 08:51:22.103681  [INFO] [94471][stack_frames][]
2025-06-12 08:51:22.104049  [INFO] [94471][stack_frames][]
2025-06-12 08:51:22.104418  [INFO] [94471][stack_frames][]
2025-06-12 08:51:22.104754  [INFO] [94471][stack_frames][]
2025-06-12 08:51:22.10522   [INFO] [94471][stack_frames][]
2025-06-12 08:51:22.105507  [INFO] [94471][stack_frames][]
2025-06-12 08:51:22.105983  [INFO] [94471][stack_frames][]
2025-06-12 08:51:22.106306  [INFO] [94471][stack_frames][]
2025-06-12 08:51:22.10658   [INFO] [94471][stack_frames][]
2025-06-12 08:51:22.107     [INFO] [94471][stack_frames][]
2025-06-12 08:51:22.107345  [INFO] [94471][stack_frames][]
2025-06-12 08:51:22.107542  [INFO] [94471][stack_frames][]
2025-06-12 08:51:22.107876  [INFO] [94471][stack_frames][]
2025-06-12 08:51:22.107973  [INFO] [94471][stack_frames][]
2025-06-12 08:51:22.1082    [INFO] [94471][stack_frames][]
2025-06-12 08:51:22.10849   [INFO] [94471][stack_frames][]
2025-06-12 08:51:22.108782  [INFO] [94471][stack_frames][]
2025-06-12 08:51:22.109306  [INFO] [94471][stack_frames][]
2025-06-12 08:51:22.109581  [INFO] [94471][stack_frames][]
2025-06-12 08:51:22.109805  [INFO] [94471][stack_frames][]
2025-06-12 08:51:22.109934  [INFO] [94471][stack_frames][]
2025-06-12 08:51:22.11009   [INFO] [94471][stack_frames][]
2025-06-12 08:51:22.110202  [INFO] [94471][stack_frames][]
2025-06-12 08:51:22.110328  [INFO] [94471][stack_frames][]
2025-06-12 08:51:22.110435  [INFO] [94471][stack_frames][]
2025-06-12 08:51:22.113381  [INFO] [94471][stack_frames][]
2025-06-12 08:51:22.115585  [INFO] [94471][stack_frames][]
2025-06-12 08:51:22.117879  [INFO] [94471][stack_frames][]
2025-06-12 08:51:22.120143  [INFO] [94471][stack_frames][]
2025-06-12 08:51:22.121453  [INFO] [94471][stack_frames][]
2025-06-12 08:51:22.1234    [INFO] [94471][stack_frames][]
2025-06-12 08:51:22.124705  [INFO] [94471][stack_frames][]
2025-06-12 08:51:22.127105  [INFO] [94471][stack_frames][]
2025-06-12 08:51:22.130142  [INFO] [94471][stack_frames][]
2025-06-12 08:51:22.131294  [INFO] [94471][stack_frames][]
2025-06-12 08:51:22.132899  [INFO] [94471][stack_frames][]
2025-06-12 08:51:22.133559  [INFO] [94471][stack_frames][]
2025-06-12 08:51:22.135015  [INFO] [94471][stack_frames][]
2025-06-12 08:51:22.135828  [INFO] [94471][stack_frames][]
2025-06-12 08:51:22.142408  [INFO] [94471][stack_frames][]
2025-06-12 08:51:22.142965  [INFO] [94471][stack_frames][]
2025-06-12 08:51:22.143503  [INFO] [94471][stack_frames][]
2025-06-12 08:51:22.14405   [INFO] [94471][stack_frames][]
2025-06-12 08:51:22.144565  [INFO] [94471][stack_frames][]
2025-06-12 08:51:22.1447    [INFO] [94471][stack_frames][]
2025-06-12 08:51:22.145147  [INFO] [94471][stack_frames][]
2025-06-12 08:51:22.145584  [INFO] [94471][stack_frames][]
2025-06-12 08:51:22.145722  [INFO] [94471][stack_frames][]
2025-06-12 08:51:22.146235  [INFO] [94471][stack_frames][]
2025-06-12 08:51:22.14648   [INFO] [94471][stack_frames][]
2025-06-12 08:51:22.146792  [INFO] [94471][stack_frames][]
2025-06-12 08:51:22.147298  [INFO] [94471][stack_frames][]
2025-06-12 08:51:22.14735   [INFO] [94471][stack_frames][]
2025-06-12 08:51:22.147883  [INFO] [94471][stack_frames][]
2025-06-12 08:51:22.148196  [INFO] [94471][stack_frames][]
2025-06-12 08:51:22.148437  [INFO] [94471][stack_frames][]
2025-06-12 08:51:22.148958  [INFO] [94471][stack_frames][]
2025-06-12 08:51:22.149125  [INFO] [94471][stack_frames][]
2025-06-12 08:51:22.14953   [INFO] [94471][stack_frames][]
2025-06-12 08:51:22.150059  [INFO] [94471][stack_frames][]
2025-06-12 08:51:22.150119  [INFO] [94471][stack_frames][]
2025-06-12 08:51:22.150613  [INFO] [94471][stack_frames][]
2025-06-12 08:51:22.151016  [INFO] [94471][stack_frames][]
2025-06-12 08:51:22.151165  [INFO] [94471][stack_frames][]
2025-06-12 08:51:22.151678  [INFO] [94471][stack_frames][]
2025-06-12 08:51:22.15195   [INFO] [94471][stack_frames][]
2025-06-12 08:51:22.152284  [INFO] [94471][stack_frames][]
2025-06-12 08:51:22.152816  [INFO] [94471][stack_frames][]
2025-06-12 08:51:22.152979  [INFO] [94471][stack_frames][]
2025-06-12 08:51:22.153466  [INFO] [94471][stack_frames][]
2025-06-12 08:51:22.15388   [INFO] [94471][stack_frames][]
2025-06-12 08:51:22.15411   [INFO] [94471][stack_frames][]
2025-06-12 08:51:22.154612  [INFO] [94471][stack_frames][]
2025-06-12 08:51:22.154726  [INFO] [94471][stack_frames][]
2025-06-12 08:51:22.155206  [INFO] [94471][stack_frames][]
2025-06-12 08:51:22.155539  [INFO] [94471][stack_frames][]
2025-06-12 08:51:22.155819  [INFO] [94471][stack_frames][]
2025-06-12 08:51:22.156362  [INFO] [94471][stack_frames][]
2025-06-12 08:51:22.156443  [INFO] [94471][stack_frames][]
2025-06-12 08:51:22.156511  [INFO] [94471][stack_frames][]
2025-06-12 08:51:22.156525  [INFO] [94471][stack_frames][]
2025-06-12 08:51:22.164564  [INFO] [94471][stack_frames][]
2025-06-12 08:51:22.165236  [INFO] [94471][stack_frames][]
2025-06-12 08:51:22.166378  [INFO] [94471][stack_frames][]
2025-06-12 08:51:22.167395  [INFO] [94471][stack_frames][]
2025-06-12 08:51:22.168326  [INFO] [94471][stack_frames][]
2025-06-12 08:51:22.169503  [INFO] [94471][stack_frames][]
2025-06-12 08:51:22.170547  [INFO] [94471][stack_frames][]
2025-06-12 08:51:22.171074  [INFO] [94471][stack_frames][]
2025-06-12 08:51:22.173387  [INFO] [94471][stack_frames][]
2025-06-12 08:51:22.177522  [INFO] [94471][stack_frames][]
2025-06-12 08:51:22.180777  [INFO] [94471][stack_frames][]
2025-06-12 08:51:22.183889  [INFO] [94471][stack_frames][]
2025-06-12 08:51:22.185868  [INFO] [94471][stack_frames][]
2025-06-12 08:51:22.187847  [INFO] [94471][stack_frames][]
2025-06-12 08:51:22.190191  [INFO] [94471][stack_frames][]
2025-06-12 08:51:22.19218   [INFO] [94471][stack_frames][]
2025-06-12 08:51:22.194218  [INFO] [94471][stack_frames][]
2025-06-12 08:51:22.197321  [INFO] [94471][stack_frames][]
2025-06-12 08:51:22.198902  [INFO] [94471][stack_frames][]
2025-06-12 08:51:22.200593  [INFO] [94471][stack_frames][]
2025-06-12 08:51:22.225905  [INFO] [94471][stack_frames][]
2025-06-12 08:51:22.227307  [INFO] [94471][stack_frames][]
2025-06-12 08:51:22.229624  [INFO] [94471][stack_frames][]
2025-06-12 08:51:22.232526  [INFO] [94471][stack_frames][]
2025-06-12 08:51:22.233068  [INFO] [94471][stack_frames][]
2025-06-12 08:51:22.233593  [INFO] [94471][stack_frames][]
2025-06-12 08:51:22.234182  [INFO] [94471][stack_frames][]
2025-06-12 08:51:22.234532  [INFO] [94471][stack_frames][]
2025-06-12 08:51:22.235012  [INFO] [94471][stack_frames][]
2025-06-12 08:51:22.235818  [INFO] [94471][stack_frames][]
2025-06-12 08:51:22.236571  [INFO] [94471][stack_frames][]
2025-06-12 08:51:22.237146  [INFO] [94471][stack_frames][]
2025-06-12 08:51:22.237635  [INFO] [94471][stack_frames][]
2025-06-12 08:51:22.238524  [INFO] [94471][stack_frames][]
2025-06-12 08:51:22.238952  [INFO] [94471][stack_frames][]
2025-06-12 08:51:22.23933   [INFO] [94471][stack_frames][]
2025-06-12 08:51:22.240043  [INFO] [94471][stack_frames][]
2025-06-12 08:51:22.24036   [INFO] [94471][stack_frames][]
2025-06-12 08:51:22.24076   [INFO] [94471][stack_frames][]
2025-06-12 08:51:22.241205  [INFO] [94471][stack_frames][]
2025-06-12 08:51:22.241597  [INFO] [94471][stack_frames][]
2025-06-12 08:51:22.242061  [INFO] [94471][stack_frames][]
2025-06-12 08:51:22.242427  [INFO] [94471][stack_frames][]
2025-06-12 08:51:22.242845  [INFO] [94471][stack_frames][]
2025-06-12 08:51:22.243207  [INFO] [94471][stack_frames][]
2025-06-12 08:51:22.243655  [INFO] [94471][stack_frames][]
2025-06-12 08:51:22.244161  [INFO] [94471][stack_frames][]
2025-06-12 08:51:22.244796  [INFO] [94471][stack_frames][]
2025-06-12 08:51:22.245169  [INFO] [94471][stack_frames][]
2025-06-12 08:51:22.245612  [INFO] [94471][stack_frames][]
2025-06-12 08:51:22.245992  [INFO] [94471][stack_frames][]
2025-06-12 08:51:22.246456  [INFO] [94471][stack_frames][]
2025-06-12 08:51:22.24682   [INFO] [94471][stack_frames][]
2025-06-12 08:51:22.247273  [INFO] [94471][stack_frames][]
2025-06-12 08:51:22.247646  [INFO] [94471][stack_frames][]
2025-06-12 08:51:22.24812   [INFO] [94471][stack_frames][]
2025-06-12 08:51:22.248499  [INFO] [94471][stack_frames][]
2025-06-12 08:51:22.248948  [INFO] [94471][stack_frames][]
2025-06-12 08:51:22.249325  [INFO] [94471][stack_frames][]
2025-06-12 08:51:22.249793  [INFO] [94471][stack_frames][]
2025-06-12 08:51:22.250163  [INFO] [94471][stack_frames][]
2025-06-12 08:51:22.250619  [INFO] [94471][stack_frames][]
2025-06-12 08:51:22.250998  [INFO] [94471][stack_frames][]
2025-06-12 08:51:22.251355  [INFO] [94471][stack_frames][]
2025-06-12 08:51:22.251771  [INFO] [94471][stack_frames][]
2025-06-12 08:51:22.252235  [INFO] [94471][stack_frames][]
2025-06-12 08:51:22.252616  [INFO] [94471][stack_frames][]
2025-06-12 08:51:22.253073  [INFO] [94471][stack_frames][]
2025-06-12 08:51:22.253455  [INFO] [94471][stack_frames][]
2025-06-12 08:51:22.25392   [INFO] [94471][stack_frames][]
2025-06-12 08:51:22.254301  [INFO] [94471][stack_frames][]
2025-06-12 08:51:22.254774  [INFO] [94471][stack_frames][]
2025-06-12 08:51:22.255155  [INFO] [94471][stack_frames][]
2025-06-12 08:51:22.256821  [INFO] [94471][stack_frames][]
2025-06-12 08:51:22.256982  [INFO] [94471][stack_frames][]
2025-06-12 08:51:22.257     [INFO] [94471][stack_frames][]
2025-06-12 08:51:22.265851  [INFO] [94471][stack_frames][]
2025-06-12 08:51:22.268797  [INFO] [94471][stack_frames][]
2025-06-12 08:51:22.27139   [INFO] [94471][stack_frames][]
2025-06-12 08:51:22.272841  [INFO] [94471][stack_frames][]
2025-06-12 08:51:22.273492  [INFO] [94471][stack_frames][]
2025-06-12 08:51:22.30163   [INFO] [94471][stack_frames][]
2025-06-12 08:51:22.302607  [INFO] [94471][stack_frames][]
2025-06-12 08:51:22.303522  [INFO] [94471][stack_frames][]
2025-06-12 08:51:22.304352  [INFO] [94471][stack_frames][]
2025-06-12 08:51:22.305214  [INFO] [94471][stack_frames][]
2025-06-12 08:51:22.306081  [INFO] [94471][stack_frames][]
2025-06-12 08:51:22.306888  [INFO] [94471][stack_frames][]
2025-06-12 08:51:22.307723  [INFO] [94471][stack_frames][]
2025-06-12 08:51:22.308664  [INFO] [94471][stack_frames][]
2025-06-12 08:51:22.30958   [INFO] [94471][stack_frames][]
2025-06-12 08:51:22.310626  [INFO] [94471][stack_frames][]
2025-06-12 08:51:22.311475  [INFO] [94471][stack_frames][]
2025-06-12 08:51:22.312464  [INFO] [94471][stack_frames][]
2025-06-12 08:51:22.313261  [INFO] [94471][stack_frames][]
2025-06-12 08:51:22.314121  [INFO] [94471][stack_frames][]
2025-06-12 08:51:22.314915  [INFO] [94471][stack_frames][]
2025-06-12 08:51:22.315736  [INFO] [94471][stack_frames][]
2025-06-12 08:51:22.316485  [INFO] [94471][stack_frames][]
2025-06-12 08:51:22.317245  [INFO] [94471][stack_frames][]
2025-06-12 08:51:22.317907  [INFO] [94471][stack_frames][]
2025-06-12 08:51:22.318684  [INFO] [94471][stack_frames][]
2025-06-12 08:51:22.319653  [INFO] [94471][stack_frames][]
2025-06-12 08:51:22.320422  [INFO] [94471][stack_frames][]
2025-06-12 08:51:22.321288  [INFO] [94471][stack_frames][]
2025-06-12 08:51:22.326124  [INFO] [94471][stack_frames][]
2025-06-12 08:51:22.326503  [INFO] [94471][stack_frames][]
2025-06-12 08:51:22.326916  [INFO] [94471][stack_frames][]
2025-06-12 08:51:22.327026  [INFO] [94471][stack_frames][]
2025-06-12 08:51:22.327264  [INFO] [94471][stack_frames][]
2025-06-12 08:51:22.327407  [INFO] [94471][stack_frames][]
2025-06-12 08:51:22.327591  [INFO] [94471][stack_frames][]
2025-06-12 08:51:22.327783  [INFO] [94471][stack_frames][]
2025-06-12 08:51:22.328453  [INFO] [94471][stack_frames][]
2025-06-12 08:51:22.329085  [INFO] [94471][stack_frames][]
2025-06-12 08:51:22.329261  [INFO] [94471][stack_frames][]
2025-06-12 08:51:22.330016  [INFO] [94471][stack_frames][]
2025-06-12 08:51:22.330407  [INFO] [94471][stack_frames][]
2025-06-12 08:51:22.330779  [INFO] [94471][stack_frames][]
2025-06-12 08:51:22.331092  [INFO] [94471][stack_frames][]
2025-06-12 08:51:22.331487  [INFO] [94471][stack_frames][]
2025-06-12 08:51:22.331674  [INFO] [94471][stack_frames][]
2025-06-12 08:51:22.332279  [INFO] [94471][stack_frames][]
2025-06-12 08:51:25.944204  [INFO] [94471][symbol]4842181560, block (2 levels) in spawn_thread, /Users/y/.rvm/gems/ruby-3.3.0/gems/puma-6.4.2/lib/puma/thread_pool.rb
2025-06-12 08:51:25.944216  [INFO] [94471][symbol]4882684880, block in initialize, /Users/y/mp/sdb/lib/sdb.rb
2025-06-12 08:51:25.944217  [INFO] [94471][symbol]4842181760, block in spawn_thread, /Users/y/.rvm/gems/ruby-3.3.0/gems/puma-6.4.2/lib/puma/thread_pool.rb
2025-06-12 08:51:25.945516  [INFO] [94471][stack_frames][42829611, 1749689482333435, 4842181560, 4842181760, 4882684880, 18446744073709551615, 18446744073709551615, 42829612, 1749689482333436, 4842181560, 4842181760, 4882684880, 18446744073709551615, 18446744073709551615, 42829611, 1749689482334567, 4842181560, 4842181760, 4882684880, 18446744073709551615, 18446744073709551615, 42829612, 1749689482334567, 4842181560, 4842181760, 4882684880, 18446744073709551615, 18446744073709551615, 42829611, 1749689482335713, 4842181560, 4842181760, 4882684880, 18446744073709551615, 18446744073709551615, 42829612, 1749689482335713, 4842181560, 4842181760, 4882684880, 18446744073709551615, 18446744073709551615, 42829611, 1749689482336858, 4842181560, 4842181760, 4882684880, 18446744073709551615, 18446744073709551615, 42829612, 1749689482336859, 4842181560, 4842181760, 4882684880, 18446744073709551615, 18446744073709551615, 42829611, 1749689482338001, 4842181560, 4842181760, 4882684880, 18446744073709551615, 18446744073709551615, 42829612, 1749689482338002, 4842181560, 4842181760, 4882684880, 18446744073709551615, 18446744073709551615, 42829611, 1749689482339146, 4842181560, 4842181760, 4882684880, 18446744073709551615, 18446744073709551615, 42829612, 1749689482339146, 4842181560, 4842181760, 4882684880, 18446744073709551615, 18446744073709551615, 42829611, 1749689482340291, 4842181560, 4842181760, 4882684880, 18446744073709551615, 18446744073709551615, 42829612, 1749689482340291, 4842181560, 4842181760, 4882684880, 18446744073709551615, 18446744073709551615, 42829611, 1749689482341441, 4842181560, 4842181760, 4882684880, 18446744073709551615, 18446744073709551615, 42829612, 1749689482341441, 4842181560, 4842181760, 4882684880, 18446744073709551615, 18446744073709551615, 42829611, 1749689482342588, 4842181560, 4842181760, 4882684880, 18446744073709551615, 18446744073709551615, 42829612, 1749689482342589, 4842181560, 4842181760, 4882684880, 18446744073709551615, 18446744073709551615, 42829611, 1749689482343736, 4842181560, 4842181760, 4882684880, 18446744073709551615, 18446744073709551615, 42829612, 1749689482343736, 4842181560, 4842181760, 4882684880, 18446744073709551615, 18446744073709551615, 42829611, 1749689482344878, 4842181560, 4842181760, 4882684880, 18446744073709551615, 18446744073709551615, 42829612, 1749689482344879, 4842181560, 4842181760, 4882684880, 18446744073709551615, 18446744073709551615, 42829611, 1749689482346024, 4842181560, 4842181760, 4882684880, 18446744073709551615, 18446744073709551615, 42829612, 1749689482346024, 4842181560, 4842181760, 4882684880, 18446744073709551615, 18446744073709551615, 42829611, 1749689482347170, 4842181560, 4842181760, 4882684880, 18446744073709551615, 18446744073709551615, 42829612, 1749689482347171, 4842181560, 4842181760, 4882684880, 18446744073709551615, 18446744073709551615, 42829611, 1749689482348307, 4842181560, 4842181760, 4882684880, 18446744073709551615, 18446744073709551615, 42829612, 1749689482348307, 4842181560, 4842181760, 4882684880, 18446744073709551615, 18446744073709551615, 42829611, 1749689482349451, 4842181560, 4842181760, 4882684880, 18446744073709551615, 18446744073709551615, 42829612, 1749689482349452, 4842181560, 4842181760, 4882684880, 18446744073709551615, 18446744073709551615, 42829611, 1749689482350598, 4842181560, 4842181760, 4882684880, 18446744073709551615, 18446744073709551615, 42829612, 1749689482350599, 4842181560, 4842181760, 4882684880, 18446744073709551615, 18446744073709551615, 42829611, 1749689482351742, 4842181560, 4842181760, 4882684880, 18446744073709551615, 18446744073709551615, 42829612, 1749689482351743, 4842181560, 4842181760, 4882684880, 18446744073709551615, 18446744073709551615, 42829611, 1749689482352886, 4842181560, 4842181760, 4882684880, 18446744073709551615, 18446744073709551615, 42829612, 1749689482352886, 4842181560, 4842181760, 4882684880, 18446744073709551615, 18446744073709551615, 42829611, 1749689482354028, 4842181560, 4842181760, 4882684880, 18446744073709551615, 18446744073709551615, 42829612, 1749689482354029, 4842181560, 4842181760, 4882684880, 18446744073709551615, 18446744073709551615, 42829611, 1749689482355175, 4842181560, 4842181760, 4882684880, 18446744073709551615, 18446744073709551615, 42829612, 1749689482355176, 4842181560, 4842181760, 4882684880, 18446744073709551615, 18446744073709551615, 42829611, 1749689482356324, 4842181560, 4842181760, 4882684880, 18446744073709551615, 18446744073709551615, 42829612, 1749689482356325, 4842181560, 4842181760, 4882684880, 18446744073709551615, 18446744073709551615, 42829611, 1749689482357471, 4842181560, 4842181760, 4882684880, 18446744073709551615, 18446744073709551615, 42829612, 1749689482357472, 4842181560, 4842181760, 4882684880, 18446744073709551615, 18446744073709551615, 42829611, 1749689482358622, 4842181560, 4842181760, 4882684880, 18446744073709551615, 18446744073709551615, 42829612, 1749689482358622, 4842181560, 4842181760, 4882684880, 18446744073709551615, 18446744073709551615, 42829611, 1749689482359768, 4842181560, 4842181760, 4882684880, 18446744073709551615, 18446744073709551615, 42829612, 1749689482359769, 4842181560, 4842181760, 4882684880, 18446744073709551615, 18446744073709551615, 42829611, 1749689482360915, 4842181560, 4842181760, 4882684880, 18446744073709551615, 18446744073709551615, 42829612, 1749689482360916, 4842181560, 4842181760, 4882684880, 18446744073709551615, 18446744073709551615, 42829611, 1749689482362060, 4842181560, 4842181760, 4882684880, 18446744073709551615, 18446744073709551615, 42829612, 1749689482362061, 4842181560, 4842181760, 4882684880, 18446744073709551615, 18446744073709551615, 42829611, 1749689482363204, 4842181560, 4842181760, 4882684880, 18446744073709551615, 18446744073709551615, 42829612, 1749689482363205, 4842181560, 4842181760, 4882684880, 18446744073709551615, 18446744073709551615, 42829611, 1749689482364351, 4842181560, 4842181760, 4882684880, 18446744073709551615, 18446744073709551615, 42829612, 1749689482364351, 4842181560, 4842181760, 4882684880, 18446744073709551615, 18446744073709551615, 42829611, 1749689482365496, 4842181560, 4842181760, 4882684880, 18446744073709551615, 18446744073709551615, 42829612, 1749689482365496, 4842181560, 4842181760, 4882684880, 18446744073709551615, 18446744073709551615, 42829611, 1749689482366643, 4842181560, 4842181760, 4882684880, 18446744073709551615, 18446744073709551615, 42829612, 1749689482366644, 4842181560, 4842181760, 4882684880, 18446744073709551615, 18446744073709551615, 42829611, 1749689482367788, 4842181560, 4842181760, 4882684880, 18446744073709551615, 18446744073709551615, 42829612, 1749689482367789, 4842181560, 4842181760, 4882684880, 18446744073709551615, 18446744073709551615, 42829611, 1749689482368932, 4842181560, 4842181760, 4882684880, 18446744073709551615, 18446744073709551615, 42829612, 1749689482368933, 4842181560, 4842181760, 4882684880, 18446744073709551615, 18446744073709551615, 42829611, 1749689482370074, 4842181560, 4842181760, 4882684880, 18446744073709551615, 18446744073709551615, 42829612, 1749689482370075, 4842181560, 4842181760, 4882684880, 18446744073709551615, 18446744073709551615, 42829611, 1749689482371217, 4842181560, 4842181760, 4882684880, 18446744073709551615, 18446744073709551615, 42829612, 1749689482371218, 4842181560, 4842181760, 4882684880, 18446744073709551615, 18446744073709551615, 42829611, 1749689482372363, 4842181560, 4842181760, 4882684880, 18446744073709551615, 18446744073709551615, 42829612, 1749689482372364, 4842181560, 4842181760, 4882684880, 18446744073709551615, 18446744073709551615, 42829611, 1749689482373508, 4842181560, 4842181760, 4882684880, 18446744073709551615, 18446744073709551615, 42829612, 1749689482373509, 4842181560, 4842181760, 4882684880, 18446744073709551615, 18446744073709551615, 42829611, 1749689482374643, 4842181560, 4842181760, 4882684880, 18446744073709551615, 18446744073709551615, 42829612, 1749689482374643, 4842181560, 4842181760, 4882684880, 18446744073709551615, 18446744073709551615, 42829611, 1749689482375784, 4842181560, 4842181760, 4882684880, 18446744073709551615, 18446744073709551615, 42829612, 1749689482375785, 4842181560, 4842181760, 4882684880, 18446744073709551615, 18446744073709551615, 42829611, 1749689482376931, 4842181560, 4842181760, 4882684880, 18446744073709551615, 18446744073709551615, 42829612, 1749689482376932, 4842181560, 4842181760, 4882684880, 18446744073709551615, 18446744073709551615, 42829611, 1749689482378065, 4842181560, 4842181760, 4882684880, 18446744073709551615, 18446744073709551615, 42829612, 1749689482378065, 4842181560, 4842181760, 4882684880, 18446744073709551615, 18446744073709551615, 42829611, 1749689482379206, 4842181560, 4842181760, 4882684880, 18446744073709551615, 18446744073709551615, 42829612, 1749689482379206, 4842181560, 4842181760, 4882684880, 18446744073709551615, 18446744073709551615, 42829611, 1749689482380352, 4842181560, 4842181760, 4882684880, 18446744073709551615, 18446744073709551615, 42829612, 1749689482380353, 4842181560, 4842181760, 4882684880, 18446744073709551615, 18446744073709551615, 42829611, 1749689482381498, 4842181560, 4842181760, 4882684880, 18446744073709551615, 18446744073709551615, 42829612, 1749689482381499, 4842181560, 4842181760, 4882684880, 18446744073709551615, 18446744073709551615, 42829611, 1749689482382644, 4842181560, 4842181760, 4882684880, 18446744073709551615, 18446744073709551615, 42829612, 1749689482382645, 4842181560, 4842181760, 4882684880, 18446744073709551615, 18446744073709551615, 42829611, 1749689482383794, 4842181560, 4842181760, 4882684880, 18446744073709551615, 18446744073709551615, 42829612, 1749689482383794, 4842181560, 4842181760, 4882684880, 18446744073709551615, 18446744073709551615, 42829611, 1749689482384929, 4842181560, 4842181760, 4882684880, 18446744073709551615, 18446744073709551615, 42829612, 1749689482384929, 4842181560, 4842181760, 4882684880, 18446744073709551615, 18446744073709551615, 42829611, 1749689482386060, 4842181560, 4842181760, 4882684880, 18446744073709551615, 18446744073709551615, 42829612, 1749689482386060, 4842181560, 4842181760, 4882684880, 18446744073709551615, 18446744073709551615, 42829611, 1749689482387200, 4842181560, 4842181760, 4882684880, 18446744073709551615, 18446744073709551615, 42829612, 1749689482387200, 4842181560, 4842181760, 4882684880, 18446744073709551615, 18446744073709551615, 42829611, 1749689482388343, 4842181560, 4842181760, 4882684880, 18446744073709551615, 18446744073709551615, 42829612, 1749689482388344, 4842181560, 4842181760, 4882684880, 18446744073709551615, 18446744073709551615, 42829611, 1749689482389489, 4842181560, 4842181760, 4882684880, 18446744073709551615, 18446744073709551615, 42829612, 1749689482389490, 4842181560, 4842181760, 4882684880, 18446744073709551615, 18446744073709551615, 42829611, 1749689482390636, 4842181560, 4842181760, 4882684880, 18446744073709551615, 18446744073709551615, 42829612, 1749689482390637, 4842181560, 4842181760, 4882684880, 18446744073709551615, 18446744073709551615, 42829611, 1749689482391781, 4842181560, 4842181760, 4882684880, 18446744073709551615, 18446744073709551615, 42829612, 1749689482391781, 4842181560, 4842181760, 4882684880, 18446744073709551615, 18446744073709551615, 42829611, 1749689482392929, 4842181560, 4842181760, 4882684880, 18446744073709551615, 18446744073709551615, 42829612, 1749689482392930, 4842181560, 4842181760, 4882684880, 18446744073709551615, 18446744073709551615, 42829611, 1749689482394076, 4842181560, 4842181760, 4882684880, 18446744073709551615, 18446744073709551615, 42829612, 1749689482394076, 4842181560, 4842181760, 4882684880, 18446744073709551615, 18446744073709551615, 42829611, 1749689482395220, 4842181560, 4842181760, 4882684880, 18446744073709551615, 18446744073709551615, 42829612, 1749689482395221, 4842181560, 4842181760, 4882684880, 18446744073709551615, 18446744073709551615, 42829611, 1749689482396367, 4842181560, 4842181760, 4882684880, 18446744073709551615, 18446744073709551615, 42829612, 1749689482396367, 4842181560, 4842181760, 4882684880, 18446744073709551615, 18446744073709551615, 42829611, 1749689482397515, 4842181560, 4842181760, 4882684880, 18446744073709551615, 18446744073709551615, 42829612, 1749689482397516, 4842181560, 4842181760, 4882684880, 18446744073709551615, 18446744073709551615, 42829611, 1749689482398664, 4842181560, 4842181760, 4882684880, 18446744073709551615, 18446744073709551615, 42829612, 1749689482398666, 4842181560, 4842181760, 4882684880, 18446744073709551615, 18446744073709551615, 42829611, 1749689482399813, 4842181560, 4842181760, 4882684880, 18446744073709551615, 18446744073709551615, 42829612, 1749689482399814, 4842181560, 4842181760, 4882684880, 18446744073709551615, 18446744073709551615, 42829611, 1749689482400959, 4842181560, 4842181760, 4882684880, 18446744073709551615, 18446744073709551615, 42829612, 1749689482400960, 4842181560, 4842181760, 4882684880, 18446744073709551615, 18446744073709551615, 42829611, 1749689482402097, 4842181560, 4842181760, 4882684880, 18446744073709551615, 18446744073709551615, 42829612, 1749689482402097, 4842181560, 4842181760, 4882684880, 18446744073709551615, 18446744073709551615, 42829611, 1749689482403240, 4842181560, 4842181760, 4882684880, 18446744073709551615, 18446744073709551615, 42829612, 1749689482403240, 4842181560, 4842181760, 4882684880, 18446744073709551615, 18446744073709551615, 42829611, 1749689482404384, 4842181560, 4842181760, 4882684880, 18446744073709551615, 18446744073709551615, 42829612, 1749689482404385, 4842181560, 4842181760, 4882684880, 18446744073709551615, 18446744073709551615, 42829611, 1749689482405529, 4842181560, 4842181760, 4882684880, 18446744073709551615, 18446744073709551615, 42829612, 1749689482405530, 4842181560, 4842181760, 4882684880, 18446744073709551615, 18446744073709551615, 42829611, 1749689482406674, 4842181560, 4842181760, 4882684880, 18446744073709551615, 18446744073709551615, 42829612, 1749689482406675, 4842181560, 4842181760, 4882684880, 18446744073709551615, 18446744073709551615, 42829611, 1749689482407821, 4842181560, 4842181760, 4882684880, 18446744073709551615, 18446744073709551615, 42829612, 1749689482407822, 4842181560, 4842181760, 4882684880, 18446744073709551615, 18446744073709551615, 42829611, 1749689482408960, 4842181560, 4842181760, 4882684880, 18446744073709551615, 18446744073709551615, 42829612, 1749689482408960, 4842181560, 4842181760, 4882684880, 18446744073709551615, 18446744073709551615, 42829611, 1749689482410102, 4842181560, 4842181760, 4882684880, 18446744073709551615, 18446744073709551615, 42829612, 1749689482410103, 4842181560, 4842181760, 4882684880, 18446744073709551615, 18446744073709551615, 42829611, 1749689482411080, 4842181560, 4842181760, 4882684880, 18446744073709551615, 18446744073709551615, 42829612, 1749689482411080, 4842181560, 4842181760, 4882684880, 18446744073709551615, 18446744073709551615, 42829611, 1749689482412228, 4842181560, 4842181760, 4882684880, 18446744073709551615, 18446744073709551615, 42829612, 1749689482412228, 4842181560, 4842181760, 4882684880, 18446744073709551615, 18446744073709551615, 42829611, 1749689482413374, 4842181560, 4842181760, 4882684880, 18446744073709551615, 18446744073709551615, 42829612, 1749689482413375, 4842181560, 4842181760, 4882684880, 18446744073709551615, 18446744073709551615, 42829611, 1749689482414520, 4842181560, 4842181760, 4882684880, 18446744073709551615, 18446744073709551615, 42829612, 1749689482414521, 4842181560, 4842181760, 4882684880, 18446744073709551615, 18446744073709551615, 42829611, 1749689482415667, 4842181560, 4842181760, 4882684880, 18446744073709551615, 18446744073709551615, 42829612, 1749689482415668, 4842181560, 4842181760, 4882684880, 18446744073709551615, 18446744073709551615, 42829611, 1749689482416814, 4842181560, 4842181760, 4882684880, 18446744073709551615, 18446744073709551615, 42829612, 1749689482416815, 4842181560, 4842181760, 4882684880, 18446744073709551615, 18446744073709551615, 42829611, 1749689482417958, 4842181560, 4842181760, 4882684880, 18446744073709551615, 18446744073709551615, 42829612, 1749689482417958, 4842181560, 4842181760, 4882684880, 18446744073709551615, 18446744073709551615, 42829611, 1749689482419102, 4842181560, 4842181760, 4882684880, 18446744073709551615, 18446744073709551615, 42829612, 1749689482419102, 4842181560, 4842181760, 4882684880, 18446744073709551615, 18446744073709551615, 42829611, 1749689482420245, 4842181560, 4842181760, 4882684880, 18446744073709551615, 18446744073709551615, 42829612, 1749689482420246, 4842181560, 4842181760, 4882684880, 18446744073709551615, 18446744073709551615, 42829611, 1749689482421389, 4842181560, 4842181760, 4882684880, 18446744073709551615, 18446744073709551615, 42829612, 1749689482421389, 4842181560, 4842181760, 4882684880, 18446744073709551615, 18446744073709551615, 42829611, 1749689482422533, 4842181560, 4842181760, 4882684880, 18446744073709551615, 18446744073709551615, 42829612, 1749689482422534, 4842181560, 4842181760, 4882684880, 18446744073709551615, 18446744073709551615, 42829611, 1749689482423680, 4842181560, 4842181760, 4882684880, 18446744073709551615, 18446744073709551615, 42829612, 1749689482423680, 4842181560, 4842181760, 4882684880, 18446744073709551615, 18446744073709551615, 42829611, 1749689482424818, 4842181560, 4842181760, 4882684880, 18446744073709551615, 18446744073709551615, 42829612, 1749689482424818, 4842181560, 4842181760, 4882684880, 18446744073709551615, 18446744073709551615, 42829611, 1749689482425962, 4842181560, 4842181760, 4882684880, 18446744073709551615, 18446744073709551615, 42829612, 1749689482425963, 4842181560, 4842181760, 4882684880, 18446744073709551615, 18446744073709551615, 42829611, 1749689482427111, 4842181560, 4842181760, 4882684880, 18446744073709551615, 18446744073709551615, 42829612, 1749689482427111, 4842181560, 4842181760, 4882684880, 18446744073709551615, 18446744073709551615, 42829611, 1749689482428258, 4842181560, 4842181760, 4882684880, 18446744073709551615, 18446744073709551615, 42829612, 1749689482428259, 4842181560, 4842181760, 4882684880, 18446744073709551615, 18446744073709551615, 42829611, 1749689482429403, 4842181560, 4842181760, 4882684880, 18446744073709551615, 18446744073709551615, 42829612, 1749689482429404, 4842181560, 4842181760, 4882684880, 18446744073709551615, 18446744073709551615, 42829611, 1749689482430550, 4842181560, 4842181760, 4882684880, 18446744073709551615, 18446744073709551615, 42829612, 1749689482430550, 4842181560, 4842181760, 4882684880, 18446744073709551615, 18446744073709551615, 42829611, 1749689482431685, 4842181560, 4842181760, 4882684880, 18446744073709551615, 18446744073709551615, 42829612, 1749689482431685, 4842181560, 4842181760, 4882684880, 18446744073709551615, 18446744073709551615, 42829611, 1749689482432825, 4842181560, 4842181760, 4882684880, 18446744073709551615, 18446744073709551615, 42829612, 1749689482432826, 4842181560, 4842181760, 4882684880, 18446744073709551615, 18446744073709551615, 42829611, 1749689482433972, 4842181560, 4842181760, 4882684880, 18446744073709551615, 18446744073709551615, 42829612, 1749689482433973, 4842181560, 4842181760, 4882684880, 18446744073709551615, 18446744073709551615, 42829611, 1749689482435116, 4842181560, 4842181760, 4882684880, 18446744073709551615, 18446744073709551615, 42829612, 1749689482435117, 4842181560, 4842181760, 4882684880, 18446744073709551615, 18446744073709551615, 42829611, 1749689482436261, 4842181560, 4842181760, 4882684880, 18446744073709551615, 18446744073709551615, 42829612, 1749689482436262, 4842181560, 4842181760, 4882684880, 18446744073709551615, 18446744073709551615, 42829611, 1749689482437405, 4842181560, 4842181760, 4882684880, 18446744073709551615, 18446744073709551615, 42829612, 1749689482437406, 4842181560, 4842181760, 4882684880, 18446744073709551615, 18446744073709551615, 42829611, 1749689482438553, 4842181560, 4842181760, 4882684880, 18446744073709551615, 18446744073709551615, 42829612, 1749689482438553, 4842181560, 4842181760, 4882684880, 18446744073709551615, 18446744073709551615, 42829611, 1749689482439700, 4842181560, 4842181760, 4882684880, 18446744073709551615, 18446744073709551615, 42829612, 1749689482439701, 4842181560, 4842181760, 4882684880, 18446744073709551615, 18446744073709551615, 42829611, 1749689482440847, 4842181560, 4842181760, 4882684880, 18446744073709551615, 18446744073709551615, 42829612, 1749689482440848, 4842181560, 4842181760, 4882684880, 18446744073709551615, 18446744073709551615, 42829611, 1749689482441994, 4842181560, 4842181760, 4882684880, 18446744073709551615, 18446744073709551615, 42829612, 1749689482441994, 4842181560, 4842181760, 4882684880, 18446744073709551615, 18446744073709551615, 42829611, 1749689482443142, 4842181560, 4842181760, 4882684880, 18446744073709551615, 18446744073709551615, 42829612, 1749689482443143, 4842181560, 4842181760, 4882684880, 18446744073709551615, 18446744073709551615, 42829611, 1749689482444288, 4842181560, 4842181760, 4882684880, 18446744073709551615, 18446744073709551615, 42829612, 1749689482444289, 4842181560, 4842181760, 4882684880, 18446744073709551615, 18446744073709551615, 42829611, 1749689482445427, 4842181560, 4842181760, 4882684880, 18446744073709551615, 18446744073709551615, 42829612, 1749689482445428, 4842181560, 4842181760, 4882684880, 18446744073709551615, 18446744073709551615, 42829611, 1749689482446567, 4842181560, 4842181760, 4882684880, 18446744073709551615, 18446744073709551615, 42829612, 1749689482446567, 4842181560, 4842181760, 4882684880, 18446744073709551615, 18446744073709551615, 42829611, 1749689482447711, 4842181560, 4842181760, 4882684880, 18446744073709551615, 18446744073709551615, 42829612, 1749689482447712, 4842181560, 4842181760, 4882684880, 18446744073709551615, 18446744073709551615, 42829611, 1749689482448854, 4842181560, 4842181760, 4882684880, 18446744073709551615, 18446744073709551615, 42829612, 1749689482448855, 4842181560, 4842181760, 4882684880, 18446744073709551615, 18446744073709551615, 42829611, 1749689482449997, 4842181560, 4842181760, 4882684880, 18446744073709551615, 18446744073709551615, 42829612, 1749689482449998, 4842181560, 4842181760, 4882684880, 18446744073709551615, 18446744073709551615, 42829611, 1749689482451137, 4842181560, 4842181760, 4882684880, 18446744073709551615, 18446744073709551615, 42